 0.      0.      0.    
 0.      0.      0.    
 0.      0.      0.    
 0.      0.      0.    
 0.      0.      0.    
 0.      0.      0.    
 0.      0.      0.    
 0.      0.      0.    
 0.      0.      0.    
 0.      0.      0.    
 0.      0.      0.    
 0.      0.      0.    
 0.      0.      0.    
 0.      0.      0.    
 0.      0.      0.    
 0.      0.      0.    
 0.      0.      0.    
 0.      0.      0.    
 0.      0.      0.    
 0.      0.      0.    
 0.      0.      0.    
 0.      0.      0.    
 0.      0.      0.    
 0.      0.      0.    
 0.      0.      0.    
 0.      0.      0.    
 0.      0.      0.    
 0.      0.      0.    
 0.      0.      0.    
 0.      0.      0.    
 0.      0.      0.    
 0.      0.      0.    
 0.      0.      0.    
 0.      0.      0.    
 0.      0.      0.    
 0.      0.      0.    
 0.      5.5     0.    
-0.     -5.5     0.    
-0.     -5.5     0.    
 0.      5.5     0.    
 0.      5.5     0.    
 0.      5.5     0.    
 4.7631  2.75    0.    
 4.7631  2.75    0.    
-4.7631 -2.75    0.    
-4.7631 -2.75    0.    
 4.7631  2.75    0.    
 4.7631  2.75    0.    
 4.7631 -2.75    0.    
-4.7631  2.75    0.    
-4.7631  2.75    0.    
-4.7631  2.75    0.    
-4.7631  2.75    0.    
 4.7631 -2.75    0.    

